sum = 74.047656492
avg = 0.074047656492
