sum = 32.755571024
avg = 0.032755571024
